This sequence file was used to generate the melody, harmony and bass notes of my cover of
Stevie Wonder's "You are the Sunshine of my Life" song.

This is pasted in from CSV output of Excel spreadsheet sequencer
I haven't yet figured out how to upload an Excel spreadsheet to GitHub

The column format is as follows:
Voice number  Start time (beats)  Frequency (Hz)  Note Duration (beats)  Loudness (rel. dB)   Stereo position

The frequencies are rational numbers.
The base frequency is C = 7040/27 Hz

5497	132	521.4814815	1	53	0.1
5497	133	521.4814815	2	53	0.1
5497	135	521.4814815	1	53	0.1
5497	136	579.4238683	2	53	0.1
5497	138	579.4238683	2	53	0.1
5497	140	496.64903	2	53	0.1
5497	142	434.5679012	2	53	0.1
5497	144	391.1111111	7	53	0.1
5497	164	521.4814815	1	53	0.1
5497	165	521.4814815	2	53	0.1
5497	167	521.4814815	1	53	0.1
5497	168	684.4444444	2	53	0.1
5497	170	684.4444444	2	53	0.1
5497	172	651.8518519	2	53	0.1
5497	174	521.4814815	1	53	0.1
5497	175	586.6666667	3	53	0.1
5497	178	651.8518519	1	53	0.1
5497	179	586.6666667	1	53	0.1
5497	180	521.4814815	5	53	0.1
5497	196	521.4814815	1	53	0.1
5497	197	521.4814815	2	53	0.1
5497	199	521.4814815	1	53	0.1
5497	200	579.4238683	2	53	0.1
5497	202	579.4238683	2	53	0.1
5497	204	496.64903	2	53	0.1
5497	206	434.5679012	2	53	0.1
5497	208	391.1111111	7	53	0.1
5497	228	513.3333333	1	53	0.1
5497	229	513.3333333	2	53	0.1
5497	231	513.3333333	1	53	0.1
5497	232	684.4444444	2	53	0.1
5497	234	684.4444444	2	53	0.1
5497	236	651.8518519	2	53	0.1
5497	238	521.4814815	1	53	0.1
5497	239	586.6666667	3	53	0.1
5497	242	651.8518519	1	53	0.1
5497	243	586.6666667	1	53	0.1
5497	244	521.4814815	5	53	0.1
5497	260	391.1111111	1	53	0.1
5497	261	521.4814815	1	53	0.1
5497	262	782.2222222	2	53	0.1
5497	264	695.308642	2	53	0.1
5497	266	651.8518519	2	53	0.1
5497	268	579.4238683	2	53	0.1
5497	270	651.8518519	3	53	0.1
5497	274	391.1111111	2	53	0.1
5497	276	434.5679012	2	53	0.1
5497	278	391.1111111	3	53	0.1
5497	292	391.1111111	1	53	0.1
5497	293	521.4814815	1	53	0.1
5497	294	782.2222222	2	53	0.1
5497	296	695.308642	2	53	0.1
5497	298	651.8518519	1	53	0.1
5497	299	586.6666667	1	53	0.1
5497	300	521.4814815	2	53	0.1
5497	302	579.4238683	1	53	0.1
5497	304	570.3703704	9	53	0.1
5497	324	325.9259259	1	53	0.1
5497	325	434.5679012	1	53	0.1
5497	326	651.8518519	2	53	0.1
5497	328	579.4238683	2	53	0.1
5497	330	543.2098765	2	53	0.1
5497	332	488.8888889	2	53	0.1
5497	334	543.2098765	3	53	0.1
5497	337	325.9259259	1	53	0.1
5497	338	325.9259259	2	53	0.1
5497	340	325.9259259	1	53	0.1
5497	341	347.654321	1	53	0.1
5497	342	325.9259259	7	53	0.1
5497	350	528	1	53	0.1
5497	351	660	1	53	0.1
5497	352	586.6666667	2	53	0.1
5497	354	586.6666667	1	53	0.1
5497	355	586.6666667	4	53	0.1
5497	360	586.6666667	2	53	0.1
5497	362	586.6666667	1	53	0.1
5497	363	586.6666667	2	53	0.1
5497	365	880	3	53	0.1
5497	368	782.2222222	1	53	0.1
5497	369	782.2222222	4	53	0.1
5497	388	521.4814815	1	53	0.1
5497	389	521.4814815	2	53	0.1
5497	391	521.4814815	1	53	0.1
5497	392	579.4238683	2	53	0.1
5497	394	579.4238683	2	53	0.1
5497	396	496.64903	2	53	0.1
5497	398	434.5679012	2	53	0.1
5497	400	391.1111111	7	53	0.1
5497	420	521.4814815	1	53	0.1
5497	421	521.4814815	2	53	0.1
5497	423	521.4814815	1	53	0.1
5497	424	684.4444444	2	53	0.1
5497	426	684.4444444	2	53	0.1
5497	428	651.8518519	2	53	0.1
5497	430	521.4814815	1	53	0.1
5497	431	586.6666667	3	53	0.1
5497	434	651.8518519	1	53	0.1
5497	435	586.6666667	1	53	0.1
5497	436	521.4814815	5	53	0.1
5497	452	521.4814815	1	53	0.1
5497	453	521.4814815	2	53	0.1
5497	455	521.4814815	1	53	0.1
5497	456	579.4238683	2	53	0.1
5497	458	579.4238683	2	53	0.1
5497	460	496.64903	2	53	0.1
5497	462	434.5679012	2	53	0.1
5497	464	391.1111111	7	53	0.1
5497	484	513.3333333	1	53	0.1
5497	485	513.3333333	2	53	0.1
5497	487	513.3333333	1	53	0.1
5497	488	684.4444444	2	53	0.1
5497	490	684.4444444	2	53	0.1
5497	492	651.8518519	2	53	0.1
5497	494	521.4814815	1	53	0.1
5497	495	586.6666667	3	53	0.1
5497	498	651.8518519	1	53	0.1
5497	499	586.6666667	1	53	0.1
5497	500	521.4814815	5	53	0.1
5497	516	391.1111111	1	53	0.1
5497	517	521.4814815	1	53	0.1
5497	518	782.2222222	2	53	0.1
5497	520	695.308642	2	53	0.1
5497	522	651.8518519	2	53	0.1
5497	524	579.4238683	2	53	0.1
5497	526	651.8518519	3	53	0.1
5497	530	391.1111111	2	53	0.1
5497	532	434.5679012	2	53	0.1
5497	534	391.1111111	3	53	0.1
5497	548	391.1111111	1	53	0.1
5497	549	521.4814815	1	53	0.1
5497	550	782.2222222	2	53	0.1
5497	552	695.308642	2	53	0.1
5497	554	651.8518519	1	53	0.1
5497	555	586.6666667	1	53	0.1
5497	556	521.4814815	2	53	0.1
5497	558	579.4238683	1	53	0.1
5497	560	570.3703704	9	53	0.1
5497	580	325.9259259	1	53	0.1
5497	581	434.5679012	1	53	0.1
5497	582	651.8518519	2	53	0.1
5497	584	579.4238683	2	53	0.1
5497	586	543.2098765	2	53	0.1
5497	588	488.8888889	2	53	0.1
5497	590	543.2098765	3	53	0.1
5497	593	325.9259259	1	53	0.1
5497	594	325.9259259	2	53	0.1
5497	596	325.9259259	1	53	0.1
5497	597	347.654321	1	53	0.1
5497	598	325.9259259	7	53	0.1
5497	606	528	1	53	0.1
5497	607	660	1	53	0.1
5497	608	586.6666667	2	53	0.1
5497	610	586.6666667	1	53	0.1
5497	611	586.6666667	4	53	0.1
5497	616	586.6666667	2	53	0.1
5497	618	586.6666667	1	53	0.1
5497	619	586.6666667	2	53	0.1
5497	621	880	3	53	0.1
5497	624	782.2222222	1	53	0.1
5497	625	782.2222222	4	53	0.1
5497	646	782.2222222	11	41	0.1
3627	153	365.037037	3	41	-0.5
3627	156	547.5555556	1	41	-0.5
3627	157	547.5555556	2	41	-0.5
3627	159	456.2962963	2	41	-0.5
3627	164	347.654321	1	41	-0.5
3627	165	347.654321	2	41	-0.5
3627	167	347.654321	1	41	-0.5
3627	168	488.8888889	2	41	-0.5
3627	170	488.8888889	2	41	-0.5
3627	172	488.8888889	2	41	-0.5
3627	174	391.1111111	1	41	-0.5
3627	175	391.1111111	5	41	-0.5
3627	180	391.1111111	5	41	-0.5
3627	186	513.3333333	2	41	-0.5
3627	188	440	1	41	-0.5
3627	189	513.3333333	2	41	-0.5
3627	191	586.6666667	2	41	-0.5
3627	196	391.1111111	1	41	-0.5
3627	197	391.1111111	2	41	-0.5
3627	199	391.1111111	1	41	-0.5
3627	200	434.5679012	2	41	-0.5
3627	202	434.5679012	2	41	-0.5
3627	204	347.654321	2	41	-0.5
3627	206	347.654321	2	41	-0.5
3627	208	293.3333333	7	41	-0.5
3627	218	366.6666667	3	41	-0.5
3627	221	458.3333333	2	41	-0.5
3627	223	550	2	41	-0.5
3627	228	342.2222222	1	41	-0.5
3627	229	342.2222222	2	41	-0.5
3627	231	342.2222222	1	41	-0.5
3627	232	513.3333333	2	41	-0.5
3627	234	513.3333333	2	41	-0.5
3627	236	427.7777778	2	41	-0.5
3627	238	434.5679012	1	41	-0.5
3627	239	391.1111111	5	41	-0.5
3627	244	391.1111111	5	41	-0.5
3627	250	427.7777778	3	41	-0.5
3627	253	407.4074074	3	41	-0.5
3627	282	391.1111111	3	41	-0.5
3627	285	434.5679012	4	41	-0.5
3627	289	391.1111111	3	41	-0.5
3627	292	325.9259259	1	41	-0.5
3627	293	391.1111111	1	41	-0.5
3627	294	651.8518519	2	41	-0.5
3627	296	521.4814815	4	41	-0.5
3627	300	434.5679012	2	41	-0.5
3627	302	434.5679012	2	41	-0.5
3627	304	407.4074074	9	41	-0.5
3627	315	488.8888889	1	41	-0.5
3627	316	488.8888889	1	41	-0.5
3627	317	509.2592593	2	41	-0.5
3627	319	488.8888889	2	41	-0.5
3627	325	325.9259259	1	41	-0.5
3627	326	543.2098765	2	41	-0.5
3627	328	434.5679012	2	41	-0.5
3627	330	434.5679012	2	41	-0.5
3627	332	407.4074074	2	41	-0.5
3627	334	407.4074074	3	41	-0.5
3627	340	260.7407407	9	41	-0.5
3627	360	440	2	41	-0.5
3627	362	440	1	41	-0.5
3627	363	440	2	41	-0.5
3627	365	733.3333333	3	41	-0.5
3627	369	684.4444444	4	41	-0.5
3627	376	684.4444444	1	41	-0.5
3627	377	782.2222222	2	41	-0.5
3627	379	880	1	41	-0.5
3627	380	782.2222222	1	41	-0.5
3627	381	651.8518519	2	41	-0.5
3627	383	586.6666667	1	41	-0.5
3627	384	521.4814815	1	41	-0.5
3627	409	365.037037	3	41	-0.5
3627	412	547.5555556	1	41	-0.5
3627	413	547.5555556	2	41	-0.5
3627	415	456.2962963	2	41	-0.5
3627	420	347.654321	1	41	-0.5
3627	421	347.654321	2	41	-0.5
3627	423	347.654321	1	41	-0.5
3627	424	488.8888889	2	41	-0.5
3627	426	488.8888889	2	41	-0.5
3627	428	488.8888889	2	41	-0.5
3627	430	391.1111111	1	41	-0.5
3627	431	391.1111111	5	41	-0.5
3627	436	391.1111111	5	41	-0.5
3627	442	513.3333333	2	41	-0.5
3627	444	440	1	41	-0.5
3627	445	513.3333333	2	41	-0.5
3627	447	586.6666667	2	41	-0.5
3627	452	391.1111111	1	41	-0.5
3627	453	391.1111111	2	41	-0.5
3627	455	391.1111111	1	41	-0.5
3627	456	434.5679012	2	41	-0.5
3627	458	434.5679012	2	41	-0.5
3627	460	347.654321	2	41	-0.5
3627	462	347.654321	2	41	-0.5
3627	464	293.3333333	7	41	-0.5
3627	474	366.6666667	3	41	-0.5
3627	477	458.3333333	2	41	-0.5
3627	479	550	2	41	-0.5
3627	484	342.2222222	1	41	-0.5
3627	485	342.2222222	2	41	-0.5
3627	487	342.2222222	1	41	-0.5
3627	488	513.3333333	2	41	-0.5
3627	490	513.3333333	2	41	-0.5
3627	492	427.7777778	2	41	-0.5
3627	494	434.5679012	1	41	-0.5
3627	495	391.1111111	5	41	-0.5
3627	500	391.1111111	5	41	-0.5
3627	506	427.7777778	3	41	-0.5
3627	509	407.4074074	3	41	-0.5
3627	538	391.1111111	3	41	-0.5
3627	541	434.5679012	4	41	-0.5
3627	545	391.1111111	3	41	-0.5
3627	548	325.9259259	1	41	-0.5
3627	549	391.1111111	1	41	-0.5
3627	550	651.8518519	2	41	-0.5
3627	552	521.4814815	4	41	-0.5
3627	556	434.5679012	2	41	-0.5
3627	558	434.5679012	2	41	-0.5
3627	560	407.4074074	9	41	-0.5
3627	571	488.8888889	1	41	-0.5
3627	572	488.8888889	1	41	-0.5
3627	573	509.2592593	2	41	-0.5
3627	575	488.8888889	2	41	-0.5
3627	581	325.9259259	1	41	-0.5
3627	582	543.2098765	2	41	-0.5
3627	584	434.5679012	2	41	-0.5
3627	586	434.5679012	2	41	-0.5
3627	588	407.4074074	2	41	-0.5
3627	590	407.4074074	3	41	-0.5
3627	596	260.7407407	9	41	-0.5
3627	616	440	2	41	-0.5
3627	618	440	1	41	-0.5
3627	619	440	2	41	-0.5
3627	621	733.3333333	3	41	-0.5
3627	625	684.4444444	4	41	-0.5
3627	632	684.4444444	1	41	-0.5
3627	633	782.2222222	2	41	-0.5
3627	635	880	1	41	-0.5
3627	636	782.2222222	1	41	-0.5
3627	637	651.8518519	2	41	-0.5
3627	639	586.6666667	1	41	-0.5
3627	640	521.4814815	1	41	-0.5
3627	645	391.1111111	12	41	-0.5
3627	132	391.1111111	1	41	-0.1
3627	133	391.1111111	2	41	-0.1
3627	135	391.1111111	1	41	-0.1
3627	136	434.5679012	2	41	-0.1
3627	138	434.5679012	2	41	-0.1
3627	140	347.654321	2	41	-0.1
3627	142	347.654321	2	41	-0.1
3627	144	293.3333333	7	41	-0.1
3627	153	273.7777778	3	41	-0.1
3627	156	456.2962963	1	41	-0.1
3627	157	456.2962963	2	41	-0.1
3627	159	365.037037	2	41	-0.1
3627	186	342.2222222	3	41	-0.1
3627	189	342.2222222	2	41	-0.1
3627	191	342.2222222	2	41	-0.1
3627	196	325.9259259	1	41	-0.1
3627	197	325.9259259	2	41	-0.1
3627	199	325.9259259	1	41	-0.1
3627	200	347.654321	2	41	-0.1
3627	202	347.654321	2	41	-0.1
3627	204	289.7119342	2	41	-0.1
3627	206	260.7407407	2	41	-0.1
3627	208	244.4444444	7	41	-0.1
3627	218	275	3	41	-0.1
3627	221	366.6666667	2	41	-0.1
3627	223	458.3333333	2	41	-0.1
3627	250	342.2222222	3	41	-0.1
3627	253	325.9259259	3	41	-0.1
3627	260	325.9259259	1	41	-0.1
3627	261	391.1111111	1	41	-0.1
3627	262	651.8518519	2	41	-0.1
3627	264	521.4814815	2	41	-0.1
3627	266	521.4814815	2	41	-0.1
3627	268	434.5679012	2	41	-0.1
3627	270	434.5679012	3	41	-0.1
3627	274	325.9259259	2	41	-0.1
3627	276	325.9259259	2	41	-0.1
3627	278	325.9259259	3	41	-0.1
3627	282	304.1975309	3	41	-0.1
3627	285	347.654321	4	41	-0.1
3627	289	325.9259259	24	41	-0.1
3627	315	391.1111111	1	41	-0.1
3627	316	391.1111111	1	41	-0.1
3627	317	407.4074074	2	41	-0.1
3627	319	407.4074074	2	41	-0.1
3627	324	271.6049383	1	41	-0.1
3627	325	271.6049383	1	41	-0.1
3627	326	434.5679012	2	41	-0.1
3627	328	362.1399177	2	41	-0.1
3627	330	362.1399177	2	41	-0.1
3627	332	325.9259259	2	41	-0.1
3627	334	325.9259259	3	41	-0.1
3627	338	260.7407407	4	41	-0.1
3627	342	260.7407407	7	41	-0.1
3627	350	440	1	41	-0.1
3627	351	528	1	41	-0.1
3627	352	440	2	41	-0.1
3627	354	440	1	41	-0.1
3627	355	440	4	41	-0.1
3627	360	366.6666667	2	41	-0.1
3627	362	366.6666667	1	41	-0.1
3627	363	366.6666667	2	41	-0.1
3627	365	586.6666667	3	41	-0.1
3627	369	488.8888889	4	41	-0.1
3627	388	391.1111111	1	41	-0.1
3627	389	391.1111111	2	41	-0.1
3627	391	391.1111111	1	41	-0.1
3627	392	434.5679012	2	41	-0.1
3627	394	434.5679012	2	41	-0.1
3627	396	347.654321	2	41	-0.1
3627	398	347.654321	2	41	-0.1
3627	400	293.3333333	7	41	-0.1
3627	409	273.7777778	3	41	-0.1
3627	412	456.2962963	1	41	-0.1
3627	413	456.2962963	2	41	-0.1
3627	415	365.037037	2	41	-0.1
3627	442	342.2222222	3	41	-0.1
3627	445	342.2222222	2	41	-0.1
3627	447	342.2222222	2	41	-0.1
3627	452	325.9259259	1	41	-0.1
3627	453	325.9259259	2	41	-0.1
3627	455	325.9259259	1	41	-0.1
3627	456	347.654321	2	41	-0.1
3627	458	347.654321	2	41	-0.1
3627	460	289.7119342	2	41	-0.1
3627	462	260.7407407	2	41	-0.1
3627	464	244.4444444	7	41	-0.1
3627	474	275	3	41	-0.1
3627	477	366.6666667	2	41	-0.1
3627	479	458.3333333	2	41	-0.1
3627	506	342.2222222	3	41	-0.1
3627	509	325.9259259	3	41	-0.1
3627	516	325.9259259	1	41	-0.1
3627	517	391.1111111	1	41	-0.1
3627	518	651.8518519	2	41	-0.1
3627	520	521.4814815	2	41	-0.1
3627	522	521.4814815	2	41	-0.1
3627	524	434.5679012	2	41	-0.1
3627	526	434.5679012	3	41	-0.1
3627	530	325.9259259	2	41	-0.1
3627	532	325.9259259	2	41	-0.1
3627	534	325.9259259	3	41	-0.1
3627	538	304.1975309	3	41	-0.1
3627	541	347.654321	4	41	-0.1
3627	545	325.9259259	24	41	-0.1
3627	571	391.1111111	1	41	-0.1
3627	572	391.1111111	1	41	-0.1
3627	573	407.4074074	2	41	-0.1
3627	575	407.4074074	2	41	-0.1
3627	580	271.6049383	1	41	-0.1
3627	581	271.6049383	1	41	-0.1
3627	582	434.5679012	2	41	-0.1
3627	584	362.1399177	2	41	-0.1
3627	586	362.1399177	2	41	-0.1
3627	588	325.9259259	2	41	-0.1
3627	590	325.9259259	3	41	-0.1
3627	594	260.7407407	4	41	-0.1
3627	598	260.7407407	7	41	-0.1
3627	606	440	1	41	-0.1
3627	607	528	1	41	-0.1
3627	608	440	2	41	-0.1
3627	610	440	1	41	-0.1
3627	611	440	4	41	-0.1
3627	616	366.6666667	2	41	-0.1
3627	618	366.6666667	1	41	-0.1
3627	619	366.6666667	2	41	-0.1
3627	621	586.6666667	3	41	-0.1
3627	625	488.8888889	4	41	-0.1
3627	644	325.9259259	13	41	-0.1
3627	132	325.9259259	1	41	0.5
3627	133	325.9259259	2	41	0.5
3627	135	325.9259259	1	41	0.5
3627	136	347.654321	2	41	0.5
3627	138	347.654321	2	41	0.5
3627	140	289.7119342	2	41	0.5
3627	142	260.7407407	2	41	0.5
3627	144	244.4444444	7	41	0.5
3627	153	228.1481481	3	41	0.5
3627	156	365.037037	1	41	0.5
3627	157	365.037037	2	41	0.5
3627	159	273.7777778	2	41	0.5
3627	164	289.7119342	1	41	0.5
3627	165	289.7119342	2	41	0.5
3627	167	289.7119342	1	41	0.5
3627	168	391.1111111	2	41	0.5
3627	170	391.1111111	2	41	0.5
3627	172	342.2222222	2	41	0.5
3627	174	342.2222222	1	41	0.5
3627	175	325.9259259	5	41	0.5
3627	180	325.9259259	5	41	0.5
3627	186	293.3333333	3	41	0.5
3627	189	293.3333333	2	41	0.5
3627	191	293.3333333	2	41	0.5
3627	218	229.1666667	3	41	0.5
3627	221	275	2	41	0.5
3627	223	366.6666667	2	41	0.5
3627	228	293.3333333	1	41	0.5
3627	229	293.3333333	2	41	0.5
3627	231	293.3333333	1	41	0.5
3627	232	440	2	41	0.5
3627	234	440	2	41	0.5
3627	236	342.2222222	2	41	0.5
3627	238	347.654321	1	41	0.5
3627	239	325.9259259	5	41	0.5
3627	244	325.9259259	5	41	0.5
3627	250	256.6666667	3	41	0.5
3627	253	244.4444444	3	41	0.5
3627	260	260.7407407	1	41	0.5
3627	261	325.9259259	1	41	0.5
3627	262	521.4814815	2	41	0.5
3627	264	434.5679012	2	41	0.5
3627	266	434.5679012	2	41	0.5
3627	268	347.654321	2	41	0.5
3627	270	347.654321	3	41	0.5
3627	274	244.4444444	2	41	0.5
3627	276	260.7407407	2	41	0.5
3627	278	244.4444444	3	41	0.5
3627	282	217.2839506	3	41	0.5
3627	285	260.7407407	4	41	0.5
3627	289	260.7407407	3	41	0.5
3627	292	260.7407407	1	41	0.5
3627	293	325.9259259	1	41	0.5
3627	294	521.4814815	2	41	0.5
3627	296	434.5679012	4	41	0.5
3627	300	347.654321	2	41	0.5
3627	302	347.654321	2	41	0.5
3627	304	325.9259259	9	41	0.5
3627	315	325.9259259	1	41	0.5
3627	316	325.9259259	1	41	0.5
3627	317	325.9259259	2	41	0.5
3627	319	325.9259259	2	41	0.5
3627	337	260.7407407	4	41	0.5
3627	341	260.7407407	8	41	0.5
3627	350	330	1	41	0.5
3627	351	440	1	41	0.5
3627	352	366.6666667	2	41	0.5
3627	354	366.6666667	1	41	0.5
3627	355	366.6666667	4	41	0.5
3627	365	440	3	41	0.5
3627	368	391.1111111	1	41	0.5
3627	369	391.1111111	4	41	0.5
3627	376	342.2222222	1	41	0.5
3627	377	391.1111111	2	41	0.5
3627	379	440	1	41	0.5
3627	380	391.1111111	1	41	0.5
3627	381	325.9259259	2	41	0.5
3627	383	293.3333333	1	41	0.5
3627	384	260.7407407	1	41	0.5
3627	388	325.9259259	1	41	0.5
3627	389	325.9259259	2	41	0.5
3627	391	325.9259259	1	41	0.5
3627	392	347.654321	2	41	0.5
3627	394	347.654321	2	41	0.5
3627	396	289.7119342	2	41	0.5
3627	398	260.7407407	2	41	0.5
3627	400	244.4444444	7	41	0.5
3627	409	228.1481481	3	41	0.5
3627	412	365.037037	1	41	0.5
3627	413	365.037037	2	41	0.5
3627	415	273.7777778	2	41	0.5
3627	420	289.7119342	1	41	0.5
3627	421	289.7119342	2	41	0.5
3627	423	289.7119342	1	41	0.5
3627	424	391.1111111	2	41	0.5
3627	426	391.1111111	2	41	0.5
3627	428	342.2222222	2	41	0.5
3627	430	342.2222222	1	41	0.5
3627	431	325.9259259	5	41	0.5
3627	436	325.9259259	5	41	0.5
3627	442	293.3333333	3	41	0.5
3627	445	293.3333333	2	41	0.5
3627	447	293.3333333	2	41	0.5
3627	474	229.1666667	3	41	0.5
3627	477	275	2	41	0.5
3627	479	366.6666667	2	41	0.5
3627	484	293.3333333	1	41	0.5
3627	485	293.3333333	2	41	0.5
3627	487	293.3333333	1	41	0.5
3627	488	440	2	41	0.5
3627	490	440	2	41	0.5
3627	492	342.2222222	2	41	0.5
3627	494	347.654321	1	41	0.5
3627	495	325.9259259	5	41	0.5
3627	500	325.9259259	5	41	0.5
3627	506	256.6666667	3	41	0.5
3627	509	244.4444444	3	41	0.5
3627	516	260.7407407	1	41	0.5
3627	517	325.9259259	1	41	0.5
3627	518	521.4814815	2	41	0.5
3627	520	434.5679012	2	41	0.5
3627	522	434.5679012	2	41	0.5
3627	524	347.654321	2	41	0.5
3627	526	347.654321	3	41	0.5
3627	530	244.4444444	2	41	0.5
3627	532	260.7407407	2	41	0.5
3627	534	244.4444444	3	41	0.5
3627	538	217.2839506	3	41	0.5
3627	541	260.7407407	4	41	0.5
3627	545	260.7407407	3	41	0.5
3627	548	260.7407407	1	41	0.5
3627	549	325.9259259	1	41	0.5
3627	550	521.4814815	2	41	0.5
3627	552	434.5679012	4	41	0.5
3627	556	347.654321	2	41	0.5
3627	558	347.654321	2	41	0.5
3627	560	325.9259259	9	41	0.5
3627	571	325.9259259	1	41	0.5
3627	572	325.9259259	1	41	0.5
3627	573	325.9259259	2	41	0.5
3627	575	325.9259259	2	41	0.5
3627	593	260.7407407	4	41	0.5
3627	597	260.7407407	8	41	0.5
3627	606	330	1	41	0.5
3627	607	440	1	41	0.5
3627	608	366.6666667	2	41	0.5
3627	610	366.6666667	1	41	0.5
3627	611	366.6666667	4	41	0.5
3627	621	440	3	41	0.5
3627	624	391.1111111	1	41	0.5
3627	625	391.1111111	4	41	0.5
3627	632	342.2222222	1	41	0.5
3627	633	391.1111111	2	41	0.5
3627	635	440	1	41	0.5
3627	636	391.1111111	1	41	0.5
3627	637	325.9259259	2	41	0.5
3627	639	293.3333333	1	41	0.5
3627	640	260.7407407	1	41	0.5
3627	643	244.4444444	14	44	0.5
5717	130	260.7407407	2	41	1
5717	132	130.3703704	2	44	1
5717	134	260.7407407	2	41	1
5717	136	130.3703704	1	41	1
5717	138	173.8271605	2	41	1
5717	140	86.91358025	2	44	1
5717	142	173.8271605	1	41	1
5717	143	173.8271605	1	44	1
5717	146	162.962963	2	41	1
5717	148	81.48148148	2	44	1
5717	150	162.962963	2	41	1
5717	152	81.48148148	1	41	1
5717	154	217.2839506	2	41	1
5717	156	108.6419753	2	44	1
5717	158	217.2839506	2	44	1
5717	160	108.6419753	1	41	1
5717	162	144.8559671	2	41	1
5717	164	72.42798354	2	44	1
5717	166	144.8559671	1	41	1
5717	167	144.8559671	1	44	1
5717	170	195.5555556	2	41	1
5717	172	97.77777778	2	44	1
5717	174	195.5555556	2	41	1
5717	176	97.77777778	1	44	1
5717	178	130.3703704	2	41	1
5717	180	65.18518519	2	44	1
5717	182	130.3703704	2	44	1
5717	184	65.18518519	1	41	1
5717	186	146.6666667	2	46	1
5717	188	73.33333333	1	44	1
5717	190	195.5555556	2	41	1
5717	192	97.77777778	1	41	1
5717	194	260.7407407	2	41	1
5717	196	130.3703704	2	44	1
5717	198	260.7407407	2	41	1
5717	200	130.3703704	1	41	1
5717	202	173.8271605	2	41	1
5717	204	86.91358025	2	44	1
5717	206	173.8271605	1	41	1
5717	207	173.8271605	1	44	1
5717	210	162.962963	2	41	1
5717	212	81.48148148	2	44	1
5717	214	162.962963	1	41	1
5717	215	162.962963	1	44	1
5717	218	220	2	41	1
5717	220	110	2	44	1
5717	222	220	2	44	1
5717	224	110	1	41	1
5717	226	146.6666667	2	41	1
5717	228	73.33333333	2	44	1
5717	230	146.6666667	2	41	1
5717	232	73.33333333	1	41	1
5717	234	195.5555556	2	41	1
5717	236	97.77777778	2	44	1
5717	238	195.5555556	2	41	1
5717	240	97.77777778	1	41	1
5717	242	130.3703704	2	41	1
5717	244	65.18518519	2	44	1
5717	246	130.3703704	2	44	1
5717	248	65.18518519	1	41	1
5717	250	146.6666667	2	44	1
5717	252	73.33333333	1	44	1
5717	254	195.5555556	2	41	1
5717	256	97.77777778	1	41	1
5717	258	260.7407407	2	41	1
5717	260	130.3703704	2	44	1
5717	262	260.7407407	2	41	1
5717	264	130.3703704	1	41	1
5717	266	173.8271605	2	41	1
5717	268	86.91358025	1	44	1
5717	270	195.5555556	2	41	1
5717	272	97.77777778	1	41	1
5717	274	130.3703704	2	41	1
5717	276	65.18518519	2	44	1
5717	278	130.3703704	2	41	1
5717	280	65.18518519	1	41	1
5717	282	173.8271605	2	41	1
5717	284	86.91358025	1	44	1
5717	286	195.5555556	2	44	1
5717	288	97.77777778	1	41	1
5717	290	260.7407407	2	41	1
5717	292	130.3703704	2	44	1
5717	294	260.7407407	2	41	1
5717	296	130.3703704	1	41	1
5717	298	173.8271605	2	41	1
5717	300	86.91358025	1	44	1
5717	302	190.1234568	1	41	1
5717	303	190.1234568	1	44	1
5717	306	162.962963	2	41	1
5717	308	81.48148148	1	44	1
5717	312	86.91358025	1	41	1
5717	314	162.962963	2	46	1
5717	316	81.48148148	2	44	1
5717	318	162.962963	2	41	1
5717	320	81.48148148	1	41	1
5717	322	217.2839506	2	41	1
5717	324	108.6419753	2	44	1
5717	326	217.2839506	2	41	1
5717	328	108.6419753	1	41	1
5717	330	144.8559671	1	41	1
5717	331	144.8559671	1	41	1
5717	334	162.962963	2	41	1
5717	336	81.48148148	1	41	1
5717	338	217.2839506	2	41	1
5717	340	108.6419753	2	44	1
5717	342	217.2839506	2	41	1
5717	344	108.6419753	1	41	1
5717	346	195.5555556	1	41	1
5717	348	122.2222222	1	44	1
5717	350	220	2	44	1
5717	352	110	1	41	1
5717	354	146.6666667	2	41	1
5717	356	73.33333333	2	44	1
5717	358	146.6666667	2	41	1
5717	360	73.33333333	1	41	1
5717	362	293.3333333	2	41	1
5717	364	146.6666667	1	44	1
5717	366	256.6666667	1	41	1
5717	367	256.6666667	1	44	1
5717	370	195.5555556	2	41	1
5717	372	97.77777778	2	44	1
5717	374	195.5555556	2	44	1
5717	376	97.77777778	2	41	1
5717	378	195.5555556	2	44	1
5717	380	97.77777778	2	44	1
5717	382	195.5555556	2	41	1
5717	384	97.77777778	1	41	1
5717	386	260.7407407	2	41	1
5717	388	130.3703704	2	44	1
5717	390	260.7407407	2	41	1
5717	392	130.3703704	1	41	1
5717	394	173.8271605	2	41	1
5717	396	86.91358025	2	44	1
5717	398	173.8271605	1	41	1
5717	399	173.8271605	1	44	1
5717	402	162.962963	2	41	1
5717	404	81.48148148	2	44	1
5717	406	162.962963	2	41	1
5717	408	81.48148148	1	41	1
5717	410	217.2839506	2	41	1
5717	412	108.6419753	2	44	1
5717	414	217.2839506	2	44	1
5717	416	108.6419753	1	41	1
5717	418	144.8559671	2	41	1
5717	420	72.42798354	2	44	1
5717	422	144.8559671	1	41	1
5717	423	144.8559671	1	44	1
5717	426	195.5555556	2	41	1
5717	428	97.77777778	2	44	1
5717	430	195.5555556	2	41	1
5717	432	97.77777778	1	44	1
5717	434	130.3703704	2	41	1
5717	436	65.18518519	2	44	1
5717	438	130.3703704	2	44	1
5717	440	65.18518519	1	41	1
5717	442	146.6666667	2	46	1
5717	444	73.33333333	1	44	1
5717	446	195.5555556	2	41	1
5717	448	97.77777778	1	41	1
5717	450	260.7407407	2	41	1
5717	452	130.3703704	2	44	1
5717	454	260.7407407	2	41	1
5717	456	130.3703704	1	41	1
5717	458	173.8271605	2	41	1
5717	460	86.91358025	2	44	1
5717	462	173.8271605	1	41	1
5717	463	173.8271605	1	44	1
5717	466	162.962963	2	41	1
5717	468	81.48148148	2	44	1
5717	470	162.962963	1	41	1
5717	471	162.962963	1	44	1
5717	474	220	2	41	1
5717	476	110	2	44	1
5717	478	220	2	44	1
5717	480	110	1	41	1
5717	482	146.6666667	2	41	1
5717	484	73.33333333	2	44	1
5717	486	146.6666667	2	41	1
5717	488	73.33333333	1	41	1
5717	490	195.5555556	2	41	1
5717	492	97.77777778	2	44	1
5717	494	195.5555556	2	41	1
5717	496	97.77777778	1	41	1
5717	498	130.3703704	2	41	1
5717	500	65.18518519	2	44	1
5717	502	130.3703704	2	44	1
5717	504	65.18518519	1	41	1
5717	506	146.6666667	2	44	1
5717	508	73.33333333	1	44	1
5717	510	195.5555556	2	41	1
5717	512	97.77777778	1	41	1
5717	514	260.7407407	2	41	1
5717	516	130.3703704	2	44	1
5717	518	260.7407407	2	41	1
5717	520	130.3703704	1	41	1
5717	522	173.8271605	2	41	1
5717	524	86.91358025	1	44	1
5717	526	195.5555556	2	41	1
5717	528	97.77777778	1	41	1
5717	530	130.3703704	2	41	1
5717	532	65.18518519	2	44	1
5717	534	130.3703704	2	41	1
5717	536	65.18518519	1	41	1
5717	538	173.8271605	2	41	1
5717	540	86.91358025	1	44	1
5717	542	195.5555556	2	44	1
5717	544	97.77777778	1	41	1
5717	546	260.7407407	2	41	1
5717	548	130.3703704	2	44	1
5717	550	260.7407407	2	41	1
5717	552	130.3703704	1	41	1
5717	554	173.8271605	2	41	1
5717	556	86.91358025	1	44	1
5717	558	190.1234568	1	41	1
5717	559	190.1234568	1	44	1
5717	562	162.962963	2	41	1
5717	564	81.48148148	1	44	1
5717	568	86.91358025	1	41	1
5717	570	162.962963	2	46	1
5717	572	81.48148148	2	44	1
5717	574	162.962963	2	41	1
5717	576	81.48148148	1	41	1
5717	578	217.2839506	2	41	1
5717	580	108.6419753	2	44	1
5717	582	217.2839506	2	41	1
5717	584	108.6419753	1	41	1
5717	586	144.8559671	1	41	1
5717	587	144.8559671	1	41	1
5717	590	162.962963	2	41	1
5717	592	81.48148148	1	41	1
5717	594	217.2839506	2	41	1
5717	596	108.6419753	2	44	1
5717	598	217.2839506	2	41	1
5717	600	108.6419753	1	41	1
5717	602	195.5555556	1	41	1
5717	604	122.2222222	1	44	1
5717	606	220	2	44	1
5717	608	110	1	41	1
5717	610	146.6666667	2	41	1
5717	612	73.33333333	2	44	1
5717	614	146.6666667	2	41	1
5717	616	73.33333333	1	41	1
5717	618	293.3333333	2	41	1
5717	620	146.6666667	1	44	1
5717	622	256.6666667	1	41	1
5717	623	256.6666667	1	44	1
5717	626	195.5555556	2	41	1
5717	628	97.77777778	2	44	1
5717	630	195.5555556	2	44	1
5717	632	97.77777778	2	41	1
5717	634	195.5555556	2	44	1
5717	636	97.77777778	2	44	1
5717	638	195.5555556	2	41	1
5717	640	97.77777778	1	41	1
5717	642	130.3703704	15	44	1
5717	129	130.3703704	2	46	-1
5717	131	260.7407407	2	41	-1
5717	133	130.3703704	2	41	-1
5717	135	260.7407407	2	44	-1
5717	137	86.91358025	2	46	-1
5717	139	173.8271605	2	41	-1
5717	141	86.91358025	3	44	-1
5717	144	85.55555556	1	41	-1
5717	145	81.48148148	2	46	-1
5717	147	162.962963	2	41	-1
5717	149	81.48148148	2	41	-1
5717	151	162.962963	2	44	-1
5717	153	108.6419753	2	46	-1
5717	155	217.2839506	2	41	-1
5717	157	108.6419753	2	41	-1
5717	159	217.2839506	2	44	-1
5717	161	72.42798354	2	46	-1
5717	163	144.8559671	2	41	-1
5717	165	72.42798354	3	41	-1
5717	168	73.33333333	1	41	-1
5717	169	97.77777778	2	46	-1
5717	171	195.5555556	2	41	-1
5717	173	97.77777778	2	41	-1
5717	175	195.5555556	2	44	-1
5717	177	65.18518519	2	46	-1
5717	179	130.3703704	2	41	-1
5717	181	65.18518519	2	41	-1
5717	183	130.3703704	2	44	-1
5717	185	73.33333333	2	41	-1
5717	187	146.6666667	2	41	-1
5717	189	97.77777778	2	44	-1
5717	191	195.5555556	2	44	-1
5717	193	130.3703704	2	46	-1
5717	195	260.7407407	2	41	-1
5717	197	130.3703704	2	41	-1
5717	199	260.7407407	2	44	-1
5717	201	86.91358025	2	46	-1
5717	203	173.8271605	2	41	-1
5717	205	86.91358025	3	41	-1
5717	208	85.55555556	1	41	-1
5717	209	81.48148148	2	41	-1
5717	211	162.962963	2	41	-1
5717	213	81.48148148	3	46	-1
5717	216	97.77777778	1	41	-1
5717	217	110	2	46	-1
5717	219	220	2	41	-1
5717	221	110	2	41	-1
5717	223	220	2	44	-1
5717	225	73.33333333	2	46	-1
5717	227	146.6666667	2	41	-1
5717	229	73.33333333	2	41	-1
5717	231	146.6666667	2	44	-1
5717	233	97.77777778	2	46	-1
5717	235	195.5555556	2	41	-1
5717	237	97.77777778	2	41	-1
5717	239	195.5555556	2	44	-1
5717	241	65.18518519	2	46	-1
5717	243	130.3703704	2	41	-1
5717	245	65.18518519	2	41	-1
5717	247	130.3703704	2	44	-1
5717	249	73.33333333	2	41	-1
5717	251	146.6666667	2	41	-1
5717	253	97.77777778	2	46	-1
5717	255	195.5555556	2	44	-1
5717	257	130.3703704	2	46	-1
5717	259	260.7407407	2	41	-1
5717	261	130.3703704	2	41	-1
5717	263	260.7407407	2	44	-1
5717	265	86.91358025	2	46	-1
5717	267	173.8271605	2	41	-1
5717	269	97.77777778	2	44	-1
5717	271	195.5555556	2	44	-1
5717	273	65.18518519	2	46	-1
5717	275	130.3703704	2	41	-1
5717	277	65.18518519	2	41	-1
5717	279	130.3703704	2	44	-1
5717	281	86.91358025	2	46	-1
5717	283	173.8271605	2	41	-1
5717	285	97.77777778	2	41	-1
5717	287	195.5555556	2	44	-1
5717	289	130.3703704	2	46	-1
5717	291	260.7407407	2	41	-1
5717	293	130.3703704	2	41	-1
5717	295	260.7407407	2	44	-1
5717	297	86.91358025	2	46	-1
5717	299	173.8271605	2	41	-1
5717	301	95.0617284	3	41	-1
5717	304	86.91358025	1	44	-1
5717	305	81.48148148	2	46	-1
5717	307	162.962963	2	41	-1
5717	310	142.5925926	1	44	-1
5717	313	81.48148148	2	41	-1
5717	315	162.962963	2	41	-1
5717	317	81.48148148	2	44	-1
5717	319	162.962963	2	44	-1
5717	321	108.6419753	2	46	-1
5717	323	217.2839506	2	41	-1
5717	325	108.6419753	2	41	-1
5717	327	217.2839506	2	44	-1
5717	329	72.42798354	3	46	-1
5717	332	71.2962963	1	44	-1
5717	333	81.48148148	2	41	-1
5717	335	162.962963	2	44	-1
5717	337	108.6419753	2	41	-1
5717	339	217.2839506	2	41	-1
5717	341	108.6419753	2	46	-1
5717	343	217.2839506	2	44	-1
5717	347	162.962963	1	41	-1
5717	349	110	2	41	-1
5717	351	220	2	44	-1
5717	353	73.33333333	2	46	-1
5717	355	146.6666667	2	41	-1
5717	357	73.33333333	2	41	-1
5717	359	146.6666667	2	44	-1
5717	361	146.6666667	2	46	-1
5717	363	293.3333333	2	41	-1
5717	365	128.3333333	3	41	-1
5717	368	73.33333333	1	41	-1
5717	369	97.77777778	2	46	-1
5717	371	195.5555556	2	41	-1
5717	373	97.77777778	2	41	-1
5717	375	195.5555556	2	44	-1
5717	377	97.77777778	2	41	-1
5717	379	195.5555556	2	41	-1
5717	381	97.77777778	2	46	-1
5717	383	195.5555556	2	44	-1
5717	385	130.3703704	2	46	-1
5717	387	260.7407407	2	41	-1
5717	389	130.3703704	2	41	-1
5717	391	260.7407407	2	44	-1
5717	393	86.91358025	2	46	-1
5717	395	173.8271605	2	41	-1
5717	397	86.91358025	3	44	-1
5717	400	85.55555556	1	41	-1
5717	401	81.48148148	2	46	-1
5717	403	162.962963	2	41	-1
5717	405	81.48148148	2	41	-1
5717	407	162.962963	2	44	-1
5717	409	108.6419753	2	46	-1
5717	411	217.2839506	2	41	-1
5717	413	108.6419753	2	41	-1
5717	415	217.2839506	2	44	-1
5717	417	72.42798354	2	46	-1
5717	419	144.8559671	2	41	-1
5717	421	72.42798354	3	41	-1
5717	424	73.33333333	1	41	-1
5717	425	97.77777778	2	46	-1
5717	427	195.5555556	2	41	-1
5717	429	97.77777778	2	41	-1
5717	431	195.5555556	2	44	-1
5717	433	65.18518519	2	46	-1
5717	435	130.3703704	2	41	-1
5717	437	65.18518519	2	41	-1
5717	439	130.3703704	2	44	-1
5717	441	73.33333333	2	41	-1
5717	443	146.6666667	2	41	-1
5717	445	97.77777778	2	44	-1
5717	447	195.5555556	2	44	-1
5717	449	130.3703704	2	46	-1
5717	451	260.7407407	2	41	-1
5717	453	130.3703704	2	41	-1
5717	455	260.7407407	2	44	-1
5717	457	86.91358025	2	46	-1
5717	459	173.8271605	2	41	-1
5717	461	86.91358025	3	41	-1
5717	464	85.55555556	1	41	-1
5717	465	81.48148148	2	41	-1
5717	467	162.962963	2	41	-1
5717	469	81.48148148	3	46	-1
5717	472	97.77777778	1	41	-1
5717	473	110	2	46	-1
5717	475	220	2	41	-1
5717	477	110	2	41	-1
5717	479	220	2	44	-1
5717	481	73.33333333	2	46	-1
5717	483	146.6666667	2	41	-1
5717	485	73.33333333	2	41	-1
5717	487	146.6666667	2	44	-1
5717	489	97.77777778	2	46	-1
5717	491	195.5555556	2	41	-1
5717	493	97.77777778	2	41	-1
5717	495	195.5555556	2	44	-1
5717	497	65.18518519	2	46	-1
5717	499	130.3703704	2	41	-1
5717	501	65.18518519	2	41	-1
5717	503	130.3703704	2	44	-1
5717	505	73.33333333	2	41	-1
5717	507	146.6666667	2	41	-1
5717	509	97.77777778	2	46	-1
5717	511	195.5555556	2	44	-1
5717	513	130.3703704	2	46	-1
5717	515	260.7407407	2	41	-1
5717	517	130.3703704	2	41	-1
5717	519	260.7407407	2	44	-1
5717	521	86.91358025	2	46	-1
5717	523	173.8271605	2	41	-1
5717	525	97.77777778	2	44	-1
5717	527	195.5555556	2	44	-1
5717	529	65.18518519	2	46	-1
5717	531	130.3703704	2	41	-1
5717	533	65.18518519	2	41	-1
5717	535	130.3703704	2	44	-1
5717	537	86.91358025	2	46	-1
5717	539	173.8271605	2	41	-1
5717	541	97.77777778	2	41	-1
5717	543	195.5555556	2	44	-1
5717	545	130.3703704	2	46	-1
5717	547	260.7407407	2	41	-1
5717	549	130.3703704	2	41	-1
5717	551	260.7407407	2	44	-1
5717	553	86.91358025	2	46	-1
5717	555	173.8271605	2	41	-1
5717	557	95.0617284	3	41	-1
5717	560	86.91358025	1	44	-1
5717	561	81.48148148	2	46	-1
5717	563	162.962963	2	41	-1
5717	566	142.5925926	1	44	-1
5717	569	81.48148148	2	41	-1
5717	571	162.962963	2	41	-1
5717	573	81.48148148	2	44	-1
5717	575	162.962963	2	44	-1
5717	577	108.6419753	2	46	-1
5717	579	217.2839506	2	41	-1
5717	581	108.6419753	2	41	-1
5717	583	217.2839506	2	44	-1
5717	585	72.42798354	3	46	-1
5717	588	71.2962963	1	44	-1
5717	589	81.48148148	2	41	-1
5717	591	162.962963	2	44	-1
5717	593	108.6419753	2	41	-1
5717	595	217.2839506	2	41	-1
5717	597	108.6419753	2	46	-1
5717	599	217.2839506	2	44	-1
5717	603	162.962963	1	41	-1
5717	605	110	2	41	-1
5717	607	220	2	44	-1
5717	609	73.33333333	2	46	-1
5717	611	146.6666667	2	41	-1
5717	613	73.33333333	2	41	-1
5717	615	146.6666667	2	44	-1
5717	617	146.6666667	2	46	-1
5717	619	293.3333333	2	41	-1
5717	621	128.3333333	3	41	-1
5717	624	73.33333333	1	41	-1
5717	625	97.77777778	2	46	-1
5717	627	195.5555556	2	41	-1
5717	629	97.77777778	2	41	-1
5717	631	195.5555556	2	44	-1
5717	633	97.77777778	2	41	-1
5717	635	195.5555556	2	41	-1
5717	637	97.77777778	2	46	-1
5717	639	195.5555556	2	44	-1
5717	641	65.18518519	16	46	-1
